Sleep 4.5 1 5.0 10.0 6.0 0.2 2
Slumber 5.5 1 5.0 17.0 5.0 0.3 3
Shock 6.0 1 10.0 16.0 7.0 0.3 3
Bolt 6.5 1 15.0 20.0 8.0 0.4 2
Plasma 3.5 1 2.5 7.5 1.5 0.1 3
Gust 8.0 1 15.0 30.0 10.0 0.4 4
Gale 4.5 2 5.0 10.0 6.0 0.2 2
Tempest 5.5 2 5.0 17.0 5.0 0.3 3
Whirlwhind 6.0 2 10.0 16.0 7.0 0.3 3
Cyclone 6.5 2 15.0 20.0 8.0 0.4 2
Vortex 3.5 2 2.5 7.5 1.5 0.1 3
Wyvern’s_Wings 8.0 2 15.0 30.0 10.0 0.4 4
Daze 4.5 3 5.0 10.0 6.0 0.2 2
Stun 5.5 3 5.0 17.0 5.0 0.3 3
Confuse 6.0 3 10.0 16.0 7.0 0.3 3
Light 6.5 3 15.0 20.0 8.0 0.4 2
Flash 3.5 3 2.5 7.5 1.5 0.1 3
Radiance 8.0 3 15.0 30.0 10.0 0.4 4
Cleanse 4.5 4 5.0 10.0 6.0 0.2 2
Scour 5.5 4 5.0 17.0 5.0 0.3 3
Purge 6.0 4 10.0 16.0 7.0 0.3 3
Wrath 6.5 4 15.0 20.0 8.0 0.4 2
Retribution 3.5 4 2.5 7.5 1.5 0.1 3
Judgment 8.0 4 15.0 30.0 10.0 0.4 4
Angel’s_Mercy 4.5 5 5.0 10.0 6.0 0.2 2
Darkness 5.5 5 5.0 17.0 5.0 0.3 3
Shade 6.0 5 10.0 16.0 7.0 0.3 3
Gloom 6.5 5 15.0 20.0 8.0 0.4 2
Decay 3.5 5 2.5 7.5 1.5 0.1 3
Fester 8.0 5 15.0 30.0 10.0 0.4 4